1.000000 1.135873
1.010000 1.012983
1.020000 1.079304
1.030000 1.030485
1.040000 1.159766
1.050000 1.033357
1.060000 1.094437
1.070000 1.220765
1.080000 1.162884
1.090000 1.279437
1.100000 1.197706
1.110000 1.323248
1.120000 1.046403
1.130000 1.338671
1.140000 1.563149
1.150000 1.436490
1.160000 1.466096
1.170000 1.368664
1.180000 1.463587
1.190000 1.449675
1.200000 1.490171
1.210000 1.391538
1.220000 1.464403
1.230000 1.573865
1.240000 1.518692
1.250000 1.706537
1.260000 1.937877
1.270000 1.523815
1.280000 1.720709
1.290000 1.595672
1.300000 1.863515
1.310000 1.922641
1.320000 1.587121
1.330000 2.056644
1.340000 1.705876
1.350000 1.871800
1.360000 2.039276
1.370000 1.940379
1.380000 2.210862
1.390000 2.246957
1.400000 2.001126
1.410000 1.801117
1.420000 2.047230
1.430000 2.003045
1.440000 2.042299
1.450000 2.050716
1.460000 2.145359
1.470000 2.403144
1.480000 2.196087
1.490000 2.261692
1.500000 2.379181
1.510000 2.414397
1.520000 2.368189
1.530000 2.444284
1.540000 2.500983
1.550000 2.429882
1.560000 2.548782
1.570000 2.488108
1.580000 2.417295
1.590000 2.654751
1.600000 2.579395
1.610000 2.586818
1.620000 2.663432
1.630000 2.769872
1.640000 2.745719
1.650000 2.761580
1.660000 2.815326
1.670000 2.825665
1.680000 2.766710
1.690000 2.959882
1.700000 3.120183
1.710000 2.941012
1.720000 3.206750
1.730000 2.993719
1.740000 3.024428
1.750000 2.980475
1.760000 3.109746
1.770000 3.108274
1.780000 3.259569
1.790000 3.395145
1.800000 3.309367
1.810000 3.423770
1.820000 3.545378
1.830000 3.115990
1.840000 3.394623
1.850000 3.497482
1.860000 3.538725
1.870000 3.434824
1.880000 3.474052
1.890000 3.749452
1.900000 3.638561
1.910000 3.765476
1.920000 3.605773
1.930000 3.599654
1.940000 3.855833
1.950000 3.997642
1.960000 4.091917
1.970000 3.762759
1.980000 3.855268
1.990000 3.842130
2.000000 4.048897
2.010000 4.061792
2.020000 4.271565
2.030000 4.008925
2.040000 4.017288
2.050000 4.268290
2.060000 4.405158
2.070000 4.240578
2.080000 4.255668
2.090000 4.427421
2.100000 4.288789
2.110000 4.496770
2.120000 4.589726
2.130000 4.561117
2.140000 4.417694
2.150000 4.600570
2.160000 4.700766
2.170000 4.985952
2.180000 4.937458
2.190000 4.836181
2.200000 4.994984
2.210000 4.856016
2.220000 4.969506
2.230000 5.188221
2.240000 5.242207
2.250000 5.146130
2.260000 5.224831
2.270000 5.140613
2.280000 5.294106
2.290000 5.171136
2.300000 5.429810
2.310000 5.381785
2.320000 5.512688
2.330000 5.452912
2.340000 5.628653
2.350000 5.653474
2.360000 5.550033
2.370000 5.647883
2.380000 5.919471
2.390000 5.777432
2.400000 5.797111
2.410000 5.857422
2.420000 5.909810
2.430000 6.024076
2.440000 5.952142
2.450000 6.053172
2.460000 6.130262
2.470000 6.291777
2.480000 6.235475
2.490000 6.406448
2.500000 6.065238
2.510000 6.280713
2.520000 6.376053
2.530000 6.409750
2.540000 6.389374
2.550000 6.657465
2.560000 6.631221
2.570000 6.725948
2.580000 6.775397
2.590000 6.678783
2.600000 6.754235
2.610000 6.827194
2.620000 6.870812
2.630000 6.972955
2.640000 7.212541
2.650000 7.051010
2.660000 7.207465
2.670000 7.096979
2.680000 7.380561
2.690000 7.181091
2.700000 7.349948
2.710000 7.363855
2.720000 7.481344
2.730000 7.535489
2.740000 7.582109
2.750000 7.942636
2.760000 7.605159
2.770000 7.731778
2.780000 8.091792
2.790000 7.713827
2.800000 7.901302
2.810000 7.875129
2.820000 8.118583
2.830000 8.077160
2.840000 8.230513
2.850000 8.117031
2.860000 8.269364
2.870000 8.444650
2.880000 8.105614
2.890000 8.202990
2.900000 8.454060
2.910000 8.444734
2.920000 8.515175
2.930000 8.507786
2.940000 8.590153
2.950000 8.746238
2.960000 8.762443
2.970000 8.791354
2.980000 8.855901
2.990000 8.941572
3.000000 9.160721

