   1.0000000e+00   1.0537667e+00
   1.0400000e+00   1.3082525e+00
   1.0800000e+00   1.0338273e+00
   1.1200000e+00   1.4911453e+00
   1.1600000e+00   1.5927725e+00
   1.2000000e+00   1.5972312e+00
   1.2400000e+00   1.8632648e+00
   1.2800000e+00   2.1314144e+00
   1.3200000e+00   2.6578077e+00
   1.3600000e+00   2.7923997e+00
   1.4000000e+00   2.6090113e+00
   1.4400000e+00   3.2894763e+00
   1.4800000e+00   3.3143324e+00
   1.5200000e+00   3.5055025e+00
   1.5600000e+00   3.8678903e+00
   1.6000000e+00   4.0755034e+00
   1.6400000e+00   4.3985296e+00
   1.6800000e+00   4.8906018e+00
   1.7200000e+00   5.2293514e+00
   1.7600000e+00   5.5934952e+00
   1.8000000e+00   5.8991497e+00
   1.8400000e+00   6.1087553e+00
   1.8800000e+00   6.7163959e+00
   1.9200000e+00   7.2409115e+00
   1.9600000e+00   7.5784254e+00
   2.0000000e+00   8.1034693e+00
   2.0400000e+00   8.5623525e+00
   2.0800000e+00   8.9685679e+00
   2.1200000e+00   9.5575151e+00
   2.1600000e+00   9.9989677e+00
   2.2000000e+00   1.0736840e+01
   2.2400000e+00   1.1124717e+01
   2.2800000e+00   1.1745465e+01
   2.3200000e+00   1.2406218e+01
   2.3600000e+00   1.2849828e+01
   2.4000000e+00   1.3967838e+01
   2.4400000e+00   1.4559303e+01
   2.4800000e+00   1.5177499e+01
   2.5200000e+00   1.6140038e+01
   2.5600000e+00   1.6606064e+01
   2.6000000e+00   1.7565776e+01
   2.6400000e+00   1.8375599e+01
   2.6800000e+00   1.9280753e+01
   2.7200000e+00   2.0154934e+01
   2.7600000e+00   2.0938088e+01
   2.8000000e+00   2.1948995e+01
   2.8400000e+00   2.2889816e+01
   2.8800000e+00   2.3950643e+01
   2.9200000e+00   2.5006415e+01
   2.9600000e+00   2.6045263e+01
   3.0000000e+00   2.6913635e+01
