   0.0000000e+00   1.1823829e-01
   1.0000000e-02   7.4312295e-02
   2.0000000e-02   3.5884275e-02
   3.0000000e-02   8.0346093e-02
   4.0000000e-02   7.3910787e-02
   5.0000000e-02  -1.3806198e-02
   6.0000000e-02   4.4713410e-02
   7.0000000e-02   1.4211487e-01
   8.0000000e-02   9.6885620e-02
   9.0000000e-02   1.3829748e-01
   1.0000000e-01   5.2660675e-02
   1.1000000e-01   1.3241599e-01
   1.2000000e-01   1.6887014e-01
   1.3000000e-01   7.1265908e-02
   1.4000000e-01   1.7292836e-01
   1.5000000e-01   1.4318370e-01
   1.6000000e-01   1.2077669e-01
   1.7000000e-01   1.8562040e-01
   1.8000000e-01   1.0005850e-01
   1.9000000e-01   1.0164991e-01
   2.0000000e-01   1.5293798e-01
   2.1000000e-01   1.5964752e-01
   2.2000000e-01   1.7656059e-01
   2.3000000e-01   1.6038600e-01
   2.4000000e-01   2.6568873e-01
   2.5000000e-01   1.8284958e-01
   2.6000000e-01   2.7745414e-01
   2.7000000e-01   3.1392931e-01
   2.8000000e-01   2.8935387e-01
   2.9000000e-01   2.9403140e-01
   3.0000000e-01   2.9073328e-01
   3.1000000e-01   2.3156149e-01
   3.2000000e-01   3.1791409e-01
   3.3000000e-01   3.7300772e-01
   3.4000000e-01   4.2234197e-01
   3.5000000e-01   3.3785665e-01
   3.6000000e-01   2.8480467e-01
   3.7000000e-01   3.7627480e-01
   3.8000000e-01   4.0873821e-01
   3.9000000e-01   3.6952981e-01
   4.0000000e-01   3.4074762e-01
   4.1000000e-01   5.0745713e-01
   4.2000000e-01   3.0509461e-01
   4.3000000e-01   4.0727620e-01
   4.4000000e-01   3.6359564e-01
   4.5000000e-01   4.1295441e-01
   4.6000000e-01   4.6875240e-01
   4.7000000e-01   4.7271494e-01
   4.8000000e-01   4.4042972e-01
   4.9000000e-01   5.2456980e-01
   5.0000000e-01   5.1606574e-01
   5.1000000e-01   5.3414034e-01
   5.2000000e-01   4.8870051e-01
   5.3000000e-01   5.6121461e-01
   5.4000000e-01   5.4955130e-01
   5.5000000e-01   6.5809313e-01
   5.6000000e-01   6.0355406e-01
   5.7000000e-01   6.0428585e-01
   5.8000000e-01   5.6237823e-01
   5.9000000e-01   4.9641796e-01
   6.0000000e-01   5.6110675e-01
   6.1000000e-01   5.4007977e-01
   6.2000000e-01   5.6295586e-01
   6.3000000e-01   6.3088322e-01
   6.4000000e-01   5.8717460e-01
   6.5000000e-01   5.7961658e-01
   6.6000000e-01   6.0359478e-01
   6.7000000e-01   6.1571414e-01
   6.8000000e-01   6.5224563e-01
   6.9000000e-01   5.9405555e-01
   7.0000000e-01   6.7689791e-01
   7.1000000e-01   6.6082042e-01
   7.2000000e-01   7.4188964e-01
   7.3000000e-01   6.6108161e-01
   7.4000000e-01   6.8614925e-01
   7.5000000e-01   6.3007064e-01
   7.6000000e-01   6.2359022e-01
   7.7000000e-01   7.1668233e-01
   7.8000000e-01   7.0312586e-01
   7.9000000e-01   7.4500625e-01
   8.0000000e-01   6.7975621e-01
   8.1000000e-01   8.3632936e-01
   8.2000000e-01   7.4896265e-01
   8.3000000e-01   8.0127751e-01
   8.4000000e-01   7.5164098e-01
   8.5000000e-01   7.4887209e-01
   8.6000000e-01   8.0748916e-01
   8.7000000e-01   8.0719136e-01
   8.8000000e-01   7.2233505e-01
   8.9000000e-01   7.1179353e-01
   9.0000000e-01   7.2995061e-01
   9.1000000e-01   7.1979408e-01
   9.2000000e-01   8.0919610e-01
   9.3000000e-01   7.9664074e-01
   9.4000000e-01   8.0783778e-01
   9.5000000e-01   7.4796547e-01
   9.6000000e-01   8.6954641e-01
   9.7000000e-01   8.5624408e-01
   9.8000000e-01   8.2625429e-01
   9.9000000e-01   8.9382744e-01
   1.0000000e+00   8.0101566e-01
   1.0100000e+00   8.8345255e-01
   1.0200000e+00   8.7575438e-01
   1.0300000e+00   8.8533237e-01
   1.0400000e+00   8.2925484e-01
   1.0500000e+00   8.9580488e-01
   1.0600000e+00   8.5187083e-01
   1.0700000e+00   8.4545978e-01
   1.0800000e+00   8.3557869e-01
   1.0900000e+00   9.5348073e-01
   1.1000000e+00   8.5792098e-01
   1.1100000e+00   8.8872942e-01
   1.1200000e+00   8.4424738e-01
   1.1300000e+00   9.0782260e-01
   1.1400000e+00   7.5007917e-01
   1.1500000e+00   8.7493232e-01
   1.1600000e+00   8.5624815e-01
   1.1700000e+00   8.8995075e-01
   1.1800000e+00   9.1550616e-01
   1.1900000e+00   9.2095514e-01
   1.2000000e+00   1.0313920e+00
   1.2100000e+00   9.2626530e-01
   1.2200000e+00   9.2669043e-01
   1.2300000e+00   8.7952124e-01
   1.2400000e+00   9.3826093e-01
   1.2500000e+00   8.9945968e-01
   1.2600000e+00   9.5529401e-01
   1.2700000e+00   1.0057508e+00
   1.2800000e+00   9.8342594e-01
   1.2900000e+00   9.4180542e-01
   1.3000000e+00   8.9065932e-01
   1.3100000e+00   1.0573986e+00
   1.3200000e+00   1.0748542e+00
   1.3300000e+00   9.8244947e-01
   1.3400000e+00   9.2690024e-01
   1.3500000e+00   1.0383333e+00
   1.3600000e+00   9.6561764e-01
   1.3700000e+00   9.6801168e-01
   1.3800000e+00   1.0371696e+00
   1.3900000e+00   9.1733892e-01
   1.4000000e+00   9.0467265e-01
   1.4100000e+00   1.0205754e+00
   1.4200000e+00   1.0157077e+00
   1.4300000e+00   1.0051267e+00
   1.4400000e+00   1.0243287e+00
   1.4500000e+00   1.0483444e+00
   1.4600000e+00   1.0471891e+00
   1.4700000e+00   9.6896225e-01
   1.4800000e+00   1.0400576e+00
   1.4900000e+00   1.0101992e+00
   1.5000000e+00   9.8056320e-01
   1.5100000e+00   9.3948027e-01
   1.5200000e+00   1.0491130e+00
   1.5300000e+00   1.0003826e+00
   1.5400000e+00   1.0116648e+00
   1.5500000e+00   9.6992144e-01
   1.5600000e+00   9.2917038e-01
   1.5700000e+00   1.0265801e+00
   1.5800000e+00   1.0042356e+00
   1.5900000e+00   1.0619911e+00
   1.6000000e+00   1.0552638e+00
   1.6100000e+00   1.0596916e+00
   1.6200000e+00   9.6617973e-01
   1.6300000e+00   9.5950989e-01
   1.6400000e+00   9.3608113e-01
   1.6500000e+00   1.0244035e+00
   1.6600000e+00   1.1543191e+00
   1.6700000e+00   1.0505846e+00
   1.6800000e+00   9.6689417e-01
   1.6900000e+00   1.0359309e+00
   1.7000000e+00   9.3994389e-01
   1.7100000e+00   9.2616647e-01
   1.7200000e+00   1.0411858e+00
   1.7300000e+00   9.4876663e-01
   1.7400000e+00   1.0023789e+00
   1.7500000e+00   1.0576925e+00
   1.7600000e+00   1.0151929e+00
   1.7700000e+00   1.0413419e+00
   1.7800000e+00   9.1086142e-01
   1.7900000e+00   1.0181662e+00
   1.8000000e+00   1.0917129e+00
   1.8100000e+00   1.0045103e+00
   1.8200000e+00   9.0695913e-01
   1.8300000e+00   9.6021635e-01
   1.8400000e+00   9.5272024e-01
   1.8500000e+00   9.8409662e-01
   1.8600000e+00   9.8644274e-01
   1.8700000e+00   9.8835852e-01
   1.8800000e+00   9.4999171e-01
   1.8900000e+00   9.2114453e-01
   1.9000000e+00   9.3540836e-01
   1.9100000e+00   1.0012112e+00
   1.9200000e+00   8.5673090e-01
   1.9300000e+00   9.3452907e-01
   1.9400000e+00   9.5506960e-01
   1.9500000e+00   9.0244815e-01
   1.9600000e+00   9.5924306e-01
   1.9700000e+00   9.2802025e-01
   1.9800000e+00   8.8687545e-01
   1.9900000e+00   9.3737817e-01
   2.0000000e+00   9.0877465e-01
   2.0100000e+00   8.9216912e-01
   2.0200000e+00   8.8145867e-01
   2.0300000e+00   9.1013453e-01
   2.0400000e+00   8.0663673e-01
   2.0500000e+00   8.8622574e-01
   2.0600000e+00   8.7304880e-01
   2.0700000e+00   8.4337226e-01
   2.0800000e+00   9.1821741e-01
   2.0900000e+00   8.4324191e-01
   2.1000000e+00   8.9439587e-01
   2.1100000e+00   9.1293480e-01
   2.1200000e+00   8.5451543e-01
   2.1300000e+00   8.6617757e-01
   2.1400000e+00   8.9119247e-01
   2.1500000e+00   8.3674518e-01
   2.1600000e+00   8.6294540e-01
   2.1700000e+00   7.6607091e-01
   2.1800000e+00   8.8017843e-01
   2.1900000e+00   7.7357673e-01
   2.2000000e+00   7.2327665e-01
   2.2100000e+00   8.9026358e-01
   2.2200000e+00   8.0203328e-01
   2.2300000e+00   8.1662260e-01
   2.2400000e+00   7.8425062e-01
   2.2500000e+00   7.4663899e-01
   2.2600000e+00   6.2688063e-01
   2.2700000e+00   7.9889129e-01
   2.2800000e+00   7.4970778e-01
   2.2900000e+00   7.5063783e-01
   2.3000000e+00   7.7788340e-01
   2.3100000e+00   6.7328209e-01
   2.3200000e+00   7.0781604e-01
   2.3300000e+00   7.9697510e-01
   2.3400000e+00   7.5279296e-01
   2.3500000e+00   6.4975764e-01
   2.3600000e+00   6.0018107e-01
   2.3700000e+00   6.7509099e-01
   2.3800000e+00   7.0925814e-01
   2.3900000e+00   7.4007923e-01
   2.4000000e+00   6.8185977e-01
   2.4100000e+00   6.1718965e-01
   2.4200000e+00   6.9190938e-01
   2.4300000e+00   5.9500841e-01
   2.4400000e+00   6.1596375e-01
   2.4500000e+00   6.1968457e-01
   2.4600000e+00   5.7833313e-01
   2.4700000e+00   6.2025580e-01
   2.4800000e+00   5.7412243e-01
   2.4900000e+00   6.0134619e-01
   2.5000000e+00   5.9461284e-01
   2.5100000e+00   5.8087777e-01
   2.5200000e+00   5.6757642e-01
   2.5300000e+00   6.4046889e-01
   2.5400000e+00   6.0624945e-01
   2.5500000e+00   5.7311853e-01
   2.5600000e+00   4.8959081e-01
   2.5700000e+00   4.6759236e-01
   2.5800000e+00   4.4164602e-01
   2.5900000e+00   6.7406377e-01
   2.6000000e+00   5.6487489e-01
   2.6100000e+00   5.3745926e-01
   2.6200000e+00   4.6781536e-01
   2.6300000e+00   4.4817207e-01
   2.6400000e+00   5.1017884e-01
   2.6500000e+00   5.5552216e-01
   2.6600000e+00   3.8523122e-01
   2.6700000e+00   4.4543036e-01
   2.6800000e+00   4.4389110e-01
   2.6900000e+00   3.5122377e-01
   2.7000000e+00   4.7157740e-01
   2.7100000e+00   4.1066014e-01
   2.7200000e+00   5.1470669e-01
   2.7300000e+00   3.9610558e-01
   2.7400000e+00   4.2564462e-01
   2.7500000e+00   3.4261399e-01
   2.7600000e+00   3.5897430e-01
   2.7700000e+00   3.1134697e-01
   2.7800000e+00   3.8736803e-01
   2.7900000e+00   4.1344164e-01
   2.8000000e+00   3.0591688e-01
   2.8100000e+00   3.6224959e-01
   2.8200000e+00   3.0086029e-01
   2.8300000e+00   3.2127881e-01
   2.8400000e+00   3.7494832e-01
   2.8500000e+00   3.0568949e-01
   2.8600000e+00   2.3839708e-01
   2.8700000e+00   2.4259974e-01
   2.8800000e+00   2.6623542e-01
   2.8900000e+00   2.5089780e-01
   2.9000000e+00   1.9961702e-01
   2.9100000e+00   2.4335979e-01
   2.9200000e+00   3.0084027e-01
   2.9300000e+00   1.9803232e-01
   2.9400000e+00   1.9979951e-01
   2.9500000e+00   8.3705095e-02
   2.9600000e+00   1.6144423e-01
   2.9700000e+00   1.1534209e-01
   2.9800000e+00   1.5158801e-01
   2.9900000e+00   1.8671380e-01
   3.0000000e+00   2.1847585e-01
   3.0100000e+00   2.3477735e-01
   3.0200000e+00   1.1629766e-01
   3.0300000e+00   9.6780289e-02
   3.0400000e+00   1.5272680e-01
   3.0500000e+00   1.1790720e-01
   3.0600000e+00   1.3612768e-01
   3.0700000e+00   1.2679641e-01
   3.0800000e+00   1.9872506e-03
   3.0900000e+00   8.1585275e-02
   3.1000000e+00   5.0195816e-02
   3.1100000e+00   3.9466784e-03
   3.1200000e+00   6.3706947e-03
   3.1300000e+00   8.8645111e-02
   3.1400000e+00  -2.2887616e-02
   3.1500000e+00  -6.1172211e-02
   3.1600000e+00   9.7584555e-04
   3.1700000e+00   8.8641338e-02
   3.1800000e+00  -3.5450787e-02
   3.1900000e+00  -3.0310051e-02
   3.2000000e+00  -1.0181873e-01
   3.2100000e+00   2.3175548e-02
   3.2200000e+00  -5.5450030e-02
   3.2300000e+00  -4.5719878e-02
   3.2400000e+00  -1.4464258e-01
   3.2500000e+00  -5.7507838e-02
   3.2600000e+00  -8.8136053e-02
   3.2700000e+00  -1.7751883e-01
   3.2800000e+00  -1.2284166e-01
   3.2900000e+00  -1.5783364e-01
   3.3000000e+00  -1.4644362e-01
   3.3100000e+00  -1.7150706e-01
   3.3200000e+00  -1.8664777e-01
   3.3300000e+00  -2.1925906e-01
   3.3400000e+00  -2.0992940e-01
   3.3500000e+00  -1.6645130e-01
   3.3600000e+00  -1.2199323e-01
   3.3700000e+00  -2.8049015e-01
   3.3800000e+00  -1.0749098e-01
   3.3900000e+00  -1.6276674e-01
   3.4000000e+00  -2.2808312e-01
   3.4100000e+00  -2.6184983e-01
   3.4200000e+00  -3.0870384e-01
   3.4300000e+00  -2.2803002e-01
   3.4400000e+00  -3.2334619e-01
   3.4500000e+00  -3.1817895e-01
   3.4600000e+00  -2.5791608e-01
   3.4700000e+00  -2.8188395e-01
   3.4800000e+00  -2.7879294e-01
   3.4900000e+00  -2.9650363e-01
   3.5000000e+00  -3.6479899e-01
   3.5100000e+00  -3.7180052e-01
   3.5200000e+00  -3.1629580e-01
   3.5300000e+00  -4.0149185e-01
   3.5400000e+00  -3.1465586e-01
   3.5500000e+00  -3.4428251e-01
   3.5600000e+00  -3.8835698e-01
   3.5700000e+00  -4.1270101e-01
   3.5800000e+00  -3.8623550e-01
   3.5900000e+00  -2.5377457e-01
   3.6000000e+00  -4.4749026e-01
   3.6100000e+00  -5.1807145e-01
   3.6200000e+00  -3.4697347e-01
   3.6300000e+00  -4.2534423e-01
   3.6400000e+00  -5.0661416e-01
   3.6500000e+00  -3.4854157e-01
   3.6600000e+00  -4.5873533e-01
   3.6700000e+00  -4.6981560e-01
   3.6800000e+00  -5.4853340e-01
   3.6900000e+00  -5.5746484e-01
   3.7000000e+00  -6.0536155e-01
   3.7100000e+00  -5.5191104e-01
   3.7200000e+00  -5.9552769e-01
   3.7300000e+00  -5.1408410e-01
   3.7400000e+00  -5.6956825e-01
   3.7500000e+00  -4.8069951e-01
   3.7600000e+00  -4.9241893e-01
   3.7700000e+00  -5.7513283e-01
   3.7800000e+00  -6.0236303e-01
   3.7900000e+00  -5.3464973e-01
   3.8000000e+00  -6.6414715e-01
   3.8100000e+00  -5.8024310e-01
   3.8200000e+00  -6.4866766e-01
   3.8300000e+00  -6.5001856e-01
   3.8400000e+00  -6.6010134e-01
   3.8500000e+00  -6.0219042e-01
   3.8600000e+00  -6.8248617e-01
   3.8700000e+00  -7.1198251e-01
   3.8800000e+00  -6.3378063e-01
   3.8900000e+00  -6.9948863e-01
   3.9000000e+00  -6.5156064e-01
   3.9100000e+00  -6.9499236e-01
   3.9200000e+00  -6.7231404e-01
   3.9300000e+00  -8.3223930e-01
   3.9400000e+00  -6.8106524e-01
   3.9500000e+00  -6.3005983e-01
   3.9600000e+00  -6.6958871e-01
   3.9700000e+00  -6.8505639e-01
   3.9800000e+00  -7.5233601e-01
   3.9900000e+00  -7.3760310e-01
   4.0000000e+00  -7.3613230e-01
   4.0100000e+00  -7.5659675e-01
   4.0200000e+00  -7.9927609e-01
   4.0300000e+00  -7.8426245e-01
   4.0400000e+00  -7.7715567e-01
   4.0500000e+00  -7.9856017e-01
   4.0600000e+00  -7.4002330e-01
   4.0700000e+00  -6.7307724e-01
   4.0800000e+00  -8.7140834e-01
   4.0900000e+00  -7.9967905e-01
   4.1000000e+00  -8.7977878e-01
   4.1100000e+00  -7.4577002e-01
   4.1200000e+00  -7.5096121e-01
   4.1300000e+00  -9.0187857e-01
   4.1400000e+00  -7.2905800e-01
   4.1500000e+00  -8.8084564e-01
   4.1600000e+00  -8.2930577e-01
   4.1700000e+00  -7.9502860e-01
   4.1800000e+00  -8.5212488e-01
   4.1900000e+00  -7.3962720e-01
   4.2000000e+00  -7.1837183e-01
   4.2100000e+00  -8.6104978e-01
   4.2200000e+00  -9.7474287e-01
   4.2300000e+00  -8.9880943e-01
   4.2400000e+00  -9.2981617e-01
   4.2500000e+00  -9.2760692e-01
   4.2600000e+00  -9.4698845e-01
   4.2700000e+00  -8.8927922e-01
   4.2800000e+00  -7.9348729e-01
   4.2900000e+00  -9.3039714e-01
   4.3000000e+00  -9.1983068e-01
   4.3100000e+00  -8.4293185e-01
   4.3200000e+00  -8.5060291e-01
   4.3300000e+00  -8.8434494e-01
   4.3400000e+00  -8.7534583e-01
   4.3500000e+00  -8.7799383e-01
   4.3600000e+00  -9.5185746e-01
   4.3700000e+00  -9.0707447e-01
   4.3800000e+00  -9.4631923e-01
   4.3900000e+00  -9.9211479e-01
   4.4000000e+00  -9.1476900e-01
   4.4100000e+00  -9.4677429e-01
   4.4200000e+00  -9.5355738e-01
   4.4300000e+00  -9.2891827e-01
   4.4400000e+00  -9.0685695e-01
   4.4500000e+00  -9.3051594e-01
   4.4600000e+00  -9.4508440e-01
   4.4700000e+00  -9.5664378e-01
   4.4800000e+00  -9.5851456e-01
   4.4900000e+00  -1.0063612e+00
   4.5000000e+00  -9.1987121e-01
   4.5100000e+00  -9.0912080e-01
   4.5200000e+00  -9.9900620e-01
   4.5300000e+00  -8.7853829e-01
   4.5400000e+00  -9.8477183e-01
   4.5500000e+00  -9.8362818e-01
   4.5600000e+00  -1.0268418e+00
   4.5700000e+00  -1.0138019e+00
   4.5800000e+00  -1.0294710e+00
   4.5900000e+00  -9.7410929e-01
   4.6000000e+00  -9.1032220e-01
   4.6100000e+00  -9.5395415e-01
   4.6200000e+00  -9.4355534e-01
   4.6300000e+00  -9.2646120e-01
   4.6400000e+00  -1.1155352e+00
   4.6500000e+00  -9.9428462e-01
   4.6600000e+00  -9.7714234e-01
   4.6700000e+00  -9.4847050e-01
   4.6800000e+00  -1.0598611e+00
   4.6900000e+00  -1.0316943e+00
   4.7000000e+00  -9.5500785e-01
   4.7100000e+00  -9.9051571e-01
   4.7200000e+00  -9.6854330e-01
   4.7300000e+00  -1.0421272e+00
   4.7400000e+00  -1.0794867e+00
   4.7500000e+00  -9.4970859e-01
   4.7600000e+00  -9.2553419e-01
   4.7700000e+00  -9.0580622e-01
   4.7800000e+00  -1.0658101e+00
   4.7900000e+00  -1.0509435e+00
   4.8000000e+00  -1.0569046e+00
   4.8100000e+00  -9.8374264e-01
   4.8200000e+00  -1.0122752e+00
   4.8300000e+00  -9.0848057e-01
   4.8400000e+00  -1.0604434e+00
   4.8500000e+00  -1.0634784e+00
   4.8600000e+00  -9.7413542e-01
   4.8700000e+00  -9.2557063e-01
   4.8800000e+00  -1.0139812e+00
   4.8900000e+00  -1.0385477e+00
   4.9000000e+00  -9.8074467e-01
   4.9100000e+00  -1.0491218e+00
   4.9200000e+00  -9.6225320e-01
   4.9300000e+00  -9.2799229e-01
   4.9400000e+00  -9.5008114e-01
   4.9500000e+00  -1.0590421e+00
   4.9600000e+00  -9.7950321e-01
   4.9700000e+00  -9.6544466e-01
   4.9800000e+00  -8.6859744e-01
   4.9900000e+00  -9.0370110e-01
   5.0000000e+00  -9.5013333e-01
   5.0100000e+00  -8.7975686e-01
   5.0200000e+00  -9.8789760e-01
   5.0300000e+00  -9.6210196e-01
   5.0400000e+00  -8.6982424e-01
   5.0500000e+00  -8.6604523e-01
   5.0600000e+00  -8.8487382e-01
   5.0700000e+00  -8.9928708e-01
   5.0800000e+00  -9.5290562e-01
   5.0900000e+00  -8.7951678e-01
   5.1000000e+00  -9.5632811e-01
   5.1100000e+00  -8.8031641e-01
   5.1200000e+00  -8.9310069e-01
   5.1300000e+00  -8.4267422e-01
   5.1400000e+00  -9.2080254e-01
   5.1500000e+00  -8.5408555e-01
   5.1600000e+00  -8.5745122e-01
   5.1700000e+00  -9.3991341e-01
   5.1800000e+00  -8.8264149e-01
   5.1900000e+00  -8.0696105e-01
   5.2000000e+00  -8.6974107e-01
   5.2100000e+00  -8.8518918e-01
   5.2200000e+00  -8.4375896e-01
   5.2300000e+00  -8.6748869e-01
   5.2400000e+00  -8.2929721e-01
   5.2500000e+00  -8.5023314e-01
   5.2600000e+00  -8.3603012e-01
   5.2700000e+00  -8.0602740e-01
   5.2800000e+00  -7.7123140e-01
   5.2900000e+00  -8.1239827e-01
   5.3000000e+00  -7.3592293e-01
   5.3100000e+00  -9.2622388e-01
   5.3200000e+00  -8.3296900e-01
   5.3300000e+00  -7.9285767e-01
   5.3400000e+00  -8.3396851e-01
   5.3500000e+00  -8.5762085e-01
   5.3600000e+00  -7.5880642e-01
   5.3700000e+00  -7.4739100e-01
   5.3800000e+00  -7.5600873e-01
   5.3900000e+00  -7.4890582e-01
   5.4000000e+00  -8.0933838e-01
   5.4100000e+00  -7.8826350e-01
   5.4200000e+00  -7.5352868e-01
   5.4300000e+00  -7.8252739e-01
   5.4400000e+00  -7.2928229e-01
   5.4500000e+00  -6.0671741e-01
   5.4600000e+00  -7.5257103e-01
   5.4700000e+00  -6.8525930e-01
   5.4800000e+00  -7.5753699e-01
   5.4900000e+00  -6.3842933e-01
   5.5000000e+00  -7.3927054e-01
   5.5100000e+00  -6.8008854e-01
   5.5200000e+00  -7.0848812e-01
   5.5300000e+00  -6.4428422e-01
   5.5400000e+00  -6.6722292e-01
   5.5500000e+00  -6.7104774e-01
   5.5600000e+00  -5.0770427e-01
   5.5700000e+00  -6.7726220e-01
   5.5800000e+00  -6.4358923e-01
   5.5900000e+00  -5.0089825e-01
   5.6000000e+00  -6.7216675e-01
   5.6100000e+00  -5.8723118e-01
   5.6200000e+00  -6.5169761e-01
   5.6300000e+00  -5.4836346e-01
   5.6400000e+00  -5.6798855e-01
   5.6500000e+00  -5.5117351e-01
   5.6600000e+00  -5.8139744e-01
   5.6700000e+00  -5.4811426e-01
   5.6800000e+00  -4.8609497e-01
   5.6900000e+00  -6.6843970e-01
   5.7000000e+00  -6.1654193e-01
   5.7100000e+00  -5.0255149e-01
   5.7200000e+00  -5.6006940e-01
   5.7300000e+00  -5.2679225e-01
   5.7400000e+00  -5.8293849e-01
   5.7500000e+00  -5.3685079e-01
   5.7600000e+00  -5.0447388e-01
   5.7700000e+00  -5.2389956e-01
   5.7800000e+00  -5.0830311e-01
   5.7900000e+00  -4.7472889e-01
   5.8000000e+00  -5.0144703e-01
   5.8100000e+00  -3.7094410e-01
   5.8200000e+00  -4.8446127e-01
   5.8300000e+00  -3.4383934e-01
   5.8400000e+00  -4.4354379e-01
   5.8500000e+00  -4.8421196e-01
   5.8600000e+00  -4.2662682e-01
   5.8700000e+00  -3.3829189e-01
   5.8800000e+00  -3.2375450e-01
   5.8900000e+00  -3.6875075e-01
   5.9000000e+00  -3.4882537e-01
   5.9100000e+00  -3.3113905e-01
   5.9200000e+00  -4.2597154e-01
   5.9300000e+00  -3.7224789e-01
   5.9400000e+00  -4.1442278e-01
   5.9500000e+00  -3.3960643e-01
   5.9600000e+00  -2.6633062e-01
   5.9700000e+00  -2.6231837e-01
   5.9800000e+00  -1.8121815e-01
   5.9900000e+00  -2.7956720e-01
   6.0000000e+00  -3.7022578e-01
   6.0100000e+00  -1.7411883e-01
   6.0200000e+00  -1.7745128e-01
   6.0300000e+00  -2.6568719e-01
   6.0400000e+00  -2.1800888e-01
   6.0500000e+00  -1.7579727e-01
   6.0600000e+00  -1.8452141e-01
   6.0700000e+00  -1.5697759e-01
   6.0800000e+00  -2.0741546e-01
   6.0900000e+00  -1.7661833e-01
   6.1000000e+00  -1.6550674e-01
   6.1100000e+00  -1.9200467e-01
   6.1200000e+00  -8.0760383e-02
   6.1300000e+00  -1.4267986e-01
   6.1400000e+00  -9.2345549e-02
   6.1500000e+00  -1.7098173e-01
   6.1600000e+00  -1.6667388e-01
   6.1700000e+00  -9.9475107e-02
   6.1800000e+00  -1.0414767e-01
   6.1900000e+00  -1.6405749e-02
   6.2000000e+00  -3.8013412e-02
   6.2100000e+00  -3.4374531e-02
   6.2200000e+00  -1.3045555e-01
   6.2300000e+00  -8.8216603e-02
   6.2400000e+00  -3.1399662e-02
   6.2500000e+00  -3.8053919e-02
   6.2600000e+00   5.4540061e-02
   6.2700000e+00   6.8467803e-02
   6.2800000e+00  -1.4410144e-02
