   0.0000000e+00   2.7793301e-01
   1.0000000e-02   2.6438418e-01
   2.0000000e-02   1.6898131e-01
   3.0000000e-02   3.3697770e-01
   4.0000000e-02   2.5920068e-01
   5.0000000e-02   1.1304651e-01
   6.0000000e-02   1.7184185e-01
   7.0000000e-02   3.6694470e-01
   8.0000000e-02   3.5218378e-01
   9.0000000e-02   4.4485332e-01
   1.0000000e-01   2.5681041e-01
   1.1000000e-01   4.2641066e-01
   1.2000000e-01   4.6025689e-01
   1.3000000e-01   3.1311019e-01
   1.4000000e-01   4.8069167e-01
   1.5000000e-01   3.8386916e-01
   1.6000000e-01   3.6868413e-01
   1.7000000e-01   5.2541345e-01
   1.8000000e-01   4.7288950e-01
   1.9000000e-01   4.9488512e-01
   2.0000000e-01   5.0005141e-01
   2.1000000e-01   4.4521428e-01
   2.2000000e-01   5.5392672e-01
   2.3000000e-01   5.5188138e-01
   2.4000000e-01   6.6350531e-01
   2.5000000e-01   6.1926411e-01
   2.6000000e-01   6.8755320e-01
   2.7000000e-01   7.0205474e-01
   2.8000000e-01   7.0731974e-01
   2.9000000e-01   6.8424307e-01
   3.0000000e-01   7.3748269e-01
   3.1000000e-01   6.2354596e-01
   3.2000000e-01   7.3892804e-01
   3.3000000e-01   8.0581822e-01
   3.4000000e-01   8.3238226e-01
   3.5000000e-01   8.0141130e-01
   3.6000000e-01   7.9314170e-01
   3.7000000e-01   8.4346525e-01
   3.8000000e-01   9.3846576e-01
   3.9000000e-01   8.1867852e-01
   4.0000000e-01   8.3316593e-01
   4.1000000e-01   9.9192471e-01
   4.2000000e-01   8.7304793e-01
   4.3000000e-01   8.9645396e-01
   4.4000000e-01   8.5840439e-01
   4.5000000e-01   9.0889752e-01
   4.6000000e-01   1.0104993e+00
   4.7000000e-01   1.0360386e+00
   4.8000000e-01   9.5272702e-01
   4.9000000e-01   1.1475835e+00
   5.0000000e-01   1.0734959e+00
   5.1000000e-01   1.1297699e+00
   5.2000000e-01   1.0062730e+00
   5.3000000e-01   1.1300604e+00
   5.4000000e-01   1.1538957e+00
   5.5000000e-01   1.2150070e+00
   5.6000000e-01   1.2489986e+00
   5.7000000e-01   1.1850992e+00
   5.8000000e-01   1.1676277e+00
   5.9000000e-01   1.0765657e+00
   6.0000000e-01   1.1855066e+00
   6.1000000e-01   1.0947129e+00
   6.2000000e-01   1.1107008e+00
   6.3000000e-01   1.3229259e+00
   6.4000000e-01   1.2255549e+00
   6.5000000e-01   1.2420014e+00
   6.6000000e-01   1.2187832e+00
   6.7000000e-01   1.2150043e+00
   6.8000000e-01   1.2622944e+00
   6.9000000e-01   1.1582604e+00
   7.0000000e-01   1.3894556e+00
   7.1000000e-01   1.2833944e+00
   7.2000000e-01   1.4073623e+00
   7.3000000e-01   1.2577322e+00
   7.4000000e-01   1.3543600e+00
   7.5000000e-01   1.2262325e+00
   7.6000000e-01   1.2433575e+00
   7.7000000e-01   1.3535682e+00
   7.8000000e-01   1.3310205e+00
   7.9000000e-01   1.4373582e+00
   8.0000000e-01   1.2759399e+00
   8.1000000e-01   1.5044485e+00
   8.2000000e-01   1.3964718e+00
   8.3000000e-01   1.4322992e+00
   8.4000000e-01   1.5332824e+00
   8.5000000e-01   1.3332666e+00
   8.6000000e-01   1.4109120e+00
   8.7000000e-01   1.4255294e+00
   8.8000000e-01   1.4526520e+00
   8.9000000e-01   1.4865930e+00
   9.0000000e-01   1.2978805e+00
   9.1000000e-01   1.3150767e+00
   9.2000000e-01   1.4025999e+00
   9.3000000e-01   1.3701132e+00
   9.4000000e-01   1.4816244e+00
   9.5000000e-01   1.3667260e+00
   9.6000000e-01   1.3810305e+00
   9.7000000e-01   1.3799216e+00
   9.8000000e-01   1.4753240e+00
   9.9000000e-01   1.4635355e+00
   1.0000000e+00   1.4060316e+00
   1.0100000e+00   1.5590834e+00
   1.0200000e+00   1.3499962e+00
   1.0300000e+00   1.5006152e+00
   1.0400000e+00   1.4627891e+00
   1.0500000e+00   1.4715984e+00
   1.0600000e+00   1.3619617e+00
   1.0700000e+00   1.4832159e+00
   1.0800000e+00   1.4265584e+00
   1.0900000e+00   1.3983186e+00
   1.1000000e+00   1.3830300e+00
   1.1100000e+00   1.4813519e+00
   1.1200000e+00   1.3294467e+00
   1.1300000e+00   1.4301196e+00
   1.1400000e+00   1.3140625e+00
   1.1500000e+00   1.4565427e+00
   1.1600000e+00   1.3394097e+00
   1.1700000e+00   1.5590347e+00
   1.1800000e+00   1.3239606e+00
   1.1900000e+00   1.3363484e+00
   1.2000000e+00   1.3419093e+00
   1.2100000e+00   1.4533079e+00
   1.2200000e+00   1.2826142e+00
   1.2300000e+00   1.5340731e+00
   1.2400000e+00   1.4011200e+00
   1.2500000e+00   1.3945595e+00
   1.2600000e+00   1.2641083e+00
   1.2700000e+00   1.3377060e+00
   1.2800000e+00   1.2679509e+00
   1.2900000e+00   1.4081950e+00
   1.3000000e+00   1.4167354e+00
   1.3100000e+00   1.4325945e+00
   1.3200000e+00   1.2452894e+00
   1.3300000e+00   1.2452968e+00
   1.3400000e+00   1.3661739e+00
   1.3500000e+00   1.3840471e+00
   1.3600000e+00   1.3761553e+00
   1.3700000e+00   1.2551518e+00
   1.3800000e+00   1.3882008e+00
   1.3900000e+00   1.2426980e+00
   1.4000000e+00   1.2970415e+00
   1.4100000e+00   1.3566073e+00
   1.4200000e+00   1.1743350e+00
   1.4300000e+00   1.1900619e+00
   1.4400000e+00   1.2945321e+00
   1.4500000e+00   1.2406279e+00
   1.4600000e+00   1.2329723e+00
   1.4700000e+00   1.2533131e+00
   1.4800000e+00   1.2460205e+00
   1.4900000e+00   1.2574536e+00
   1.5000000e+00   1.1673771e+00
   1.5100000e+00   1.2022709e+00
   1.5200000e+00   1.2510247e+00
   1.5300000e+00   1.2137019e+00
   1.5400000e+00   1.0917072e+00
   1.5500000e+00   1.2255345e+00
   1.5600000e+00   1.1120259e+00
   1.5700000e+00   1.2123746e+00
   1.5800000e+00   1.1759300e+00
   1.5900000e+00   1.0126996e+00
   1.6000000e+00   1.0739894e+00
   1.6100000e+00   1.1089500e+00
   1.6200000e+00   1.0708805e+00
   1.6300000e+00   1.1576689e+00
   1.6400000e+00   1.0980610e+00
   1.6500000e+00   1.0780577e+00
   1.6600000e+00   1.0117642e+00
   1.6700000e+00   1.0067198e+00
   1.6800000e+00   9.6093201e-01
   1.6900000e+00   1.0404741e+00
   1.7000000e+00   1.0759739e+00
   1.7100000e+00   1.0249734e+00
   1.7200000e+00   9.5042660e-01
   1.7300000e+00   9.7691191e-01
   1.7400000e+00   8.4609966e-01
   1.7500000e+00   8.4899191e-01
   1.7600000e+00   9.9048897e-01
   1.7700000e+00   9.2518410e-01
   1.7800000e+00   9.7058076e-01
   1.7900000e+00   9.5874060e-01
   1.8000000e+00   9.2392544e-01
   1.8100000e+00   9.1898254e-01
   1.8200000e+00   8.5153017e-01
   1.8300000e+00   8.8473272e-01
   1.8400000e+00   9.7039559e-01
   1.8500000e+00   8.8809431e-01
   1.8600000e+00   7.3922113e-01
   1.8700000e+00   8.0975705e-01
   1.8800000e+00   8.1456960e-01
   1.8900000e+00   7.9664527e-01
   1.9000000e+00   8.5289807e-01
   1.9100000e+00   8.6468708e-01
   1.9200000e+00   7.4035585e-01
   1.9300000e+00   6.9187525e-01
   1.9400000e+00   6.5807123e-01
   1.9500000e+00   7.7009837e-01
   1.9600000e+00   6.6612415e-01
   1.9700000e+00   6.9197950e-01
   1.9800000e+00   7.4452725e-01
   1.9900000e+00   6.6689758e-01
   2.0000000e+00   7.2371612e-01
   2.0100000e+00   6.5498601e-01
   2.0200000e+00   6.2115239e-01
   2.0300000e+00   7.0875682e-01
   2.0400000e+00   5.4381375e-01
   2.0500000e+00   6.3093724e-01
   2.0600000e+00   6.0297165e-01
   2.0700000e+00   6.1884945e-01
   2.0800000e+00   5.2804353e-01
   2.0900000e+00   5.7718369e-01
   2.1000000e+00   4.6916496e-01
   2.1100000e+00   4.7009624e-01
   2.1200000e+00   6.1167649e-01
   2.1300000e+00   4.7933801e-01
   2.1400000e+00   5.9348437e-01
   2.1500000e+00   5.9117678e-01
   2.1600000e+00   4.7847356e-01
   2.1700000e+00   5.1607584e-01
   2.1800000e+00   5.2521480e-01
   2.1900000e+00   4.7180647e-01
   2.2000000e+00   4.9490520e-01
   2.2100000e+00   4.3808104e-01
   2.2200000e+00   5.4477272e-01
   2.2300000e+00   3.6229471e-01
   2.2400000e+00   4.4148030e-01
   2.2500000e+00   5.4684903e-01
   2.2600000e+00   4.2238529e-01
   2.2700000e+00   4.3766964e-01
   2.2800000e+00   3.6968290e-01
   2.2900000e+00   3.5216563e-01
   2.3000000e+00   3.1579624e-01
   2.3100000e+00   4.0201785e-01
   2.3200000e+00   3.7973811e-01
   2.3300000e+00   3.8753981e-01
   2.3400000e+00   3.6287314e-01
   2.3500000e+00   2.3513415e-01
   2.3600000e+00   2.9725512e-01
   2.3700000e+00   3.8389057e-01
   2.3800000e+00   3.7234485e-01
   2.3900000e+00   2.5979786e-01
   2.4000000e+00   2.1196275e-01
   2.4100000e+00   2.1566652e-01
   2.4200000e+00   2.4631234e-01
   2.4300000e+00   2.4602203e-01
   2.4400000e+00   3.7644198e-01
   2.4500000e+00   3.6415599e-01
   2.4600000e+00   2.9587032e-01
   2.4700000e+00   2.1474552e-01
   2.4800000e+00   2.7970554e-01
   2.4900000e+00   1.9543570e-01
   2.5000000e+00   2.4217952e-01
   2.5100000e+00   1.8830049e-01
   2.5200000e+00   1.8944279e-01
   2.5300000e+00   1.6088724e-01
   2.5400000e+00   1.8750150e-01
   2.5500000e+00   2.2067834e-01
   2.5600000e+00   2.2151955e-01
   2.5700000e+00   1.6905688e-01
   2.5800000e+00   1.6874511e-01
   2.5900000e+00   3.5510318e-01
   2.6000000e+00   2.1819258e-01
   2.6100000e+00   2.6961711e-01
   2.6200000e+00   1.9447090e-01
   2.6300000e+00   1.8470577e-01
   2.6400000e+00   8.4569334e-02
   2.6500000e+00   2.6484402e-01
   2.6600000e+00   2.2756287e-01
   2.6700000e+00   2.2911993e-01
   2.6800000e+00   1.2295210e-01
   2.6900000e+00   1.4911107e-01
   2.7000000e+00   1.7617327e-01
   2.7100000e+00   3.0132216e-01
   2.7200000e+00   1.1933526e-01
   2.7300000e+00   1.6287550e-01
   2.7400000e+00   1.8196251e-01
   2.7500000e+00   1.3406184e-01
   2.7600000e+00   2.5269712e-01
   2.7700000e+00   1.3867545e-01
   2.7800000e+00   2.8931794e-01
   2.7900000e+00   1.2128591e-01
   2.8000000e+00   1.4654332e-01
   2.8100000e+00   1.2301567e-01
   2.8200000e+00   1.4247558e-01
   2.8300000e+00   9.4981664e-02
   2.8400000e+00   2.5550179e-01
   2.8500000e+00   2.4734413e-01
   2.8600000e+00   1.4286678e-01
   2.8700000e+00   2.3288470e-01
   2.8800000e+00   1.4817708e-01
   2.8900000e+00   1.7163556e-01
   2.9000000e+00   1.9172516e-01
   2.9100000e+00   1.4961916e-01
   2.9200000e+00   1.6108747e-01
   2.9300000e+00   6.7396295e-02
   2.9400000e+00   1.4356352e-01
   2.9500000e+00   1.0480616e-01
   2.9600000e+00   1.7275882e-01
   2.9700000e+00   1.8544094e-01
   2.9800000e+00   2.0065227e-01
   2.9900000e+00   1.3370764e-01
   3.0000000e+00   9.3245303e-02
   3.0100000e+00   9.4306189e-02
   3.0200000e+00   1.0025459e-02
   3.0300000e+00   6.5874266e-02
   3.0400000e+00   1.1619202e-01
   3.0500000e+00   1.4079442e-01
   3.0600000e+00   2.7347318e-01
   3.0700000e+00   2.6908412e-01
   3.0800000e+00   1.6393795e-01
   3.0900000e+00   6.3150843e-02
   3.1000000e+00   2.1877608e-01
   3.1100000e+00   2.0374073e-01
   3.1200000e+00   2.4543210e-01
   3.1300000e+00   2.1363760e-01
   3.1400000e+00   1.0121714e-01
   3.1500000e+00   1.8169156e-01
   3.1600000e+00   1.3588815e-01
   3.1700000e+00   1.2495256e-01
   3.1800000e+00   2.8022412e-02
   3.1900000e+00   1.7797531e-01
   3.2000000e+00   5.2241268e-02
   3.2100000e+00   7.1647891e-02
   3.2200000e+00   2.1609477e-01
   3.2300000e+00   2.5886950e-01
   3.2400000e+00   1.0888342e-01
   3.2500000e+00   1.7983110e-01
   3.2600000e+00   8.2578510e-02
   3.2700000e+00   2.3131710e-01
   3.2800000e+00   1.7254344e-01
   3.2900000e+00   1.9711878e-01
   3.3000000e+00   3.4535999e-02
   3.3100000e+00   2.0263467e-01
   3.3200000e+00   1.4845573e-01
   3.3300000e+00   1.1912937e-01
   3.3400000e+00   1.1785896e-01
   3.3500000e+00   7.1311349e-02
   3.3600000e+00   1.4138348e-01
   3.3700000e+00   9.3707298e-02
   3.3800000e+00   1.2530786e-01
   3.3900000e+00   6.2550260e-02
   3.4000000e+00   1.3775597e-01
   3.4100000e+00   8.6644874e-02
   3.4200000e+00   1.7942052e-01
   3.4300000e+00   1.9277846e-01
   3.4400000e+00   2.0044168e-01
   3.4500000e+00   6.0664405e-02
   3.4600000e+00   2.2327093e-01
   3.4700000e+00   2.3596806e-01
   3.4800000e+00   1.3842458e-01
   3.4900000e+00   1.6580017e-01
   3.5000000e+00   5.9378314e-02
   3.5100000e+00   1.9633518e-01
   3.5200000e+00   8.6231387e-02
   3.5300000e+00   3.8540879e-02
   3.5400000e+00   1.9289215e-01
   3.5500000e+00   1.6822958e-01
   3.5600000e+00   1.2580668e-01
   3.5700000e+00   1.0367125e-01
   3.5800000e+00   1.4357245e-01
   3.5900000e+00   5.2405101e-02
   3.6000000e+00   1.2080159e-01
   3.6100000e+00   7.0977475e-02
   3.6200000e+00   1.9940898e-01
   3.6300000e+00   1.6987163e-01
   3.6400000e+00   1.3134170e-01
   3.6500000e+00   7.6450640e-02
   3.6600000e+00   1.0810119e-01
   3.6700000e+00   2.1958106e-01
   3.6800000e+00   3.1890024e-02
   3.6900000e+00   2.1106253e-02
   3.7000000e+00   1.5734434e-01
   3.7100000e+00   7.9223821e-02
   3.7200000e+00   1.1792732e-03
   3.7300000e+00   1.4888302e-01
   3.7400000e+00  -4.8507088e-03
   3.7500000e+00   3.9990046e-02
   3.7600000e+00   7.2582993e-02
   3.7700000e+00  -1.2233553e-02
   3.7800000e+00  -5.0469017e-02
   3.7900000e+00  -5.9241501e-02
   3.8000000e+00  -1.8494992e-02
   3.8100000e+00  -6.7497241e-02
   3.8200000e+00   6.7906896e-02
   3.8300000e+00  -4.4085176e-02
   3.8400000e+00   1.0020257e-01
   3.8500000e+00   8.8571258e-02
   3.8600000e+00   2.4562523e-02
   3.8700000e+00  -9.9167711e-02
   3.8800000e+00   7.4566293e-02
   3.8900000e+00  -1.1799896e-01
   3.9000000e+00   8.7052508e-02
   3.9100000e+00  -6.2560180e-02
   3.9200000e+00  -4.5706342e-02
   3.9300000e+00  -1.6566758e-01
   3.9400000e+00  -2.8955864e-02
   3.9500000e+00  -1.8534282e-01
   3.9600000e+00  -1.7961142e-01
   3.9700000e+00  -6.2797657e-02
   3.9800000e+00  -1.6075048e-01
   3.9900000e+00  -1.0419325e-01
   4.0000000e+00  -1.4306108e-01
   4.0100000e+00  -1.3528346e-01
   4.0200000e+00  -2.1416660e-01
   4.0300000e+00  -5.7435318e-02
   4.0400000e+00  -6.5346046e-02
   4.0500000e+00  -8.4422067e-02
   4.0600000e+00  -8.5747471e-02
   4.0700000e+00  -2.4095772e-01
   4.0800000e+00  -1.9951097e-01
   4.0900000e+00  -1.9176658e-01
   4.1000000e+00  -1.8881506e-01
   4.1100000e+00  -2.3664593e-01
   4.1200000e+00  -2.7591371e-01
   4.1300000e+00  -2.0347484e-01
   4.1400000e+00  -2.6792176e-01
   4.1500000e+00  -1.3714293e-01
   4.1600000e+00  -1.5423694e-01
   4.1700000e+00  -3.7586516e-01
   4.1800000e+00  -3.0656048e-01
   4.1900000e+00  -3.5571182e-01
   4.2000000e+00  -2.0597781e-01
   4.2100000e+00  -2.1423899e-01
   4.2200000e+00  -4.4215979e-01
   4.2300000e+00  -2.6040116e-01
   4.2400000e+00  -4.6629920e-01
   4.2500000e+00  -3.3087755e-01
   4.2600000e+00  -3.0550561e-01
   4.2700000e+00  -3.5730256e-01
   4.2800000e+00  -3.0467732e-01
   4.2900000e+00  -2.7086220e-01
   4.3000000e+00  -3.7197465e-01
   4.3100000e+00  -4.3785363e-01
   4.3200000e+00  -4.6333288e-01
   4.3300000e+00  -4.4938985e-01
   4.3400000e+00  -5.6012183e-01
   4.3500000e+00  -5.1456740e-01
   4.3600000e+00  -4.6242335e-01
   4.3700000e+00  -3.7059174e-01
   4.3800000e+00  -4.9641812e-01
   4.3900000e+00  -5.5904563e-01
   4.4000000e+00  -4.3679458e-01
   4.4100000e+00  -4.5881821e-01
   4.4200000e+00  -4.7943867e-01
   4.4300000e+00  -4.1067868e-01
   4.4400000e+00  -5.1620431e-01
   4.4500000e+00  -5.6987081e-01
   4.4600000e+00  -5.2650248e-01
   4.4700000e+00  -6.8825679e-01
   4.4800000e+00  -6.2968832e-01
   4.4900000e+00  -5.8553180e-01
   4.5000000e+00  -5.7430238e-01
   4.5100000e+00  -7.0024802e-01
   4.5200000e+00  -6.2710102e-01
   4.5300000e+00  -6.1250334e-01
   4.5400000e+00  -6.5338565e-01
   4.5500000e+00  -6.3992020e-01
   4.5600000e+00  -6.8940926e-01
   4.5700000e+00  -6.6856971e-01
   4.5800000e+00  -7.9674762e-01
   4.5900000e+00  -7.2385906e-01
   4.6000000e+00  -6.6542738e-01
   4.6100000e+00  -7.5000528e-01
   4.6200000e+00  -6.6227067e-01
   4.6300000e+00  -8.3002942e-01
   4.6400000e+00  -7.1382347e-01
   4.6500000e+00  -7.8414933e-01
   4.6600000e+00  -8.4447485e-01
   4.6700000e+00  -8.3937440e-01
   4.6800000e+00  -9.1769331e-01
   4.6900000e+00  -8.2384253e-01
   4.7000000e+00  -8.1540850e-01
   4.7100000e+00  -7.6448376e-01
   4.7200000e+00  -8.4995804e-01
   4.7300000e+00  -9.8674204e-01
   4.7400000e+00  -8.4946181e-01
   4.7500000e+00  -7.9478101e-01
   4.7600000e+00  -8.2387874e-01
   4.7700000e+00  -9.9263329e-01
   4.7800000e+00  -9.4691030e-01
   4.7900000e+00  -8.6897731e-01
   4.8000000e+00  -8.7266363e-01
   4.8100000e+00  -9.7947492e-01
   4.8200000e+00  -9.8360808e-01
   4.8300000e+00  -8.8049761e-01
   4.8400000e+00  -1.0017070e+00
   4.8500000e+00  -9.3075540e-01
   4.8600000e+00  -1.0636894e+00
   4.8700000e+00  -1.0952545e+00
   4.8800000e+00  -9.2381649e-01
   4.8900000e+00  -9.5976976e-01
   4.9000000e+00  -9.3292397e-01
   4.9100000e+00  -1.0852727e+00
   4.9200000e+00  -1.0667486e+00
   4.9300000e+00  -1.1323810e+00
   4.9400000e+00  -1.0298854e+00
   4.9500000e+00  -1.1204061e+00
   4.9600000e+00  -9.4374298e-01
   4.9700000e+00  -1.1102558e+00
   4.9800000e+00  -1.1849442e+00
   4.9900000e+00  -1.0524738e+00
   5.0000000e+00  -1.0182109e+00
   5.0100000e+00  -1.1199241e+00
   5.0200000e+00  -1.1188390e+00
   5.0300000e+00  -1.1523933e+00
   5.0400000e+00  -1.1776449e+00
   5.0500000e+00  -1.1421320e+00
   5.0600000e+00  -9.8521138e-01
   5.0700000e+00  -1.0742883e+00
   5.0800000e+00  -1.2003114e+00
   5.0900000e+00  -1.1301706e+00
   5.1000000e+00  -1.2103571e+00
   5.1100000e+00  -1.1140105e+00
   5.1200000e+00  -1.1412766e+00
   5.1300000e+00  -1.0131665e+00
   5.1400000e+00  -1.0727473e+00
   5.1500000e+00  -1.0931087e+00
   5.1600000e+00  -1.0909004e+00
   5.1700000e+00  -1.2553704e+00
   5.1800000e+00  -1.2060424e+00
   5.1900000e+00  -1.1044862e+00
   5.2000000e+00  -1.0734111e+00
   5.2100000e+00  -1.1106132e+00
   5.2200000e+00  -1.1384580e+00
   5.2300000e+00  -1.1539835e+00
   5.2400000e+00  -1.0490221e+00
   5.2500000e+00  -1.1966295e+00
   5.2600000e+00  -1.0588833e+00
   5.2700000e+00  -1.0709564e+00
   5.2800000e+00  -1.1106685e+00
   5.2900000e+00  -1.2016679e+00
   5.3000000e+00  -1.0740641e+00
   5.3100000e+00  -1.1154046e+00
   5.3200000e+00  -1.1727051e+00
   5.3300000e+00  -1.1238881e+00
   5.3400000e+00  -1.0028020e+00
   5.3500000e+00  -1.1234906e+00
   5.3600000e+00  -1.1732315e+00
   5.3700000e+00  -1.0841764e+00
   5.3800000e+00  -1.1252401e+00
   5.3900000e+00  -1.0641924e+00
   5.4000000e+00  -1.1456812e+00
   5.4100000e+00  -1.1452235e+00
   5.4200000e+00  -1.0563204e+00
   5.4300000e+00  -1.0280295e+00
   5.4400000e+00  -1.1734334e+00
   5.4500000e+00  -9.9474147e-01
   5.4600000e+00  -1.0597950e+00
   5.4700000e+00  -9.9063271e-01
   5.4800000e+00  -1.1440912e+00
   5.4900000e+00  -1.1052344e+00
   5.5000000e+00  -9.9937065e-01
   5.5100000e+00  -1.1024983e+00
   5.5200000e+00  -1.0763152e+00
   5.5300000e+00  -9.7029819e-01
   5.5400000e+00  -1.0057107e+00
   5.5500000e+00  -1.0464367e+00
   5.5600000e+00  -9.9273723e-01
   5.5700000e+00  -1.0970986e+00
   5.5800000e+00  -1.0431229e+00
   5.5900000e+00  -1.0205380e+00
   5.6000000e+00  -9.9050238e-01
   5.6100000e+00  -9.2493944e-01
   5.6200000e+00  -8.4075478e-01
   5.6300000e+00  -9.9492064e-01
   5.6400000e+00  -8.5653720e-01
   5.6500000e+00  -1.0014935e+00
   5.6600000e+00  -8.0934567e-01
   5.6700000e+00  -9.4288209e-01
   5.6800000e+00  -8.7905142e-01
   5.6900000e+00  -9.2767872e-01
   5.7000000e+00  -7.6995717e-01
   5.7100000e+00  -8.0226216e-01
   5.7200000e+00  -8.5463572e-01
   5.7300000e+00  -7.2990341e-01
   5.7400000e+00  -8.4484385e-01
   5.7500000e+00  -7.7276639e-01
   5.7600000e+00  -6.6285622e-01
   5.7700000e+00  -8.9348225e-01
   5.7800000e+00  -6.2387673e-01
   5.7900000e+00  -7.5361995e-01
   5.8000000e+00  -6.9115007e-01
   5.8100000e+00  -6.5565738e-01
   5.8200000e+00  -6.5269741e-01
   5.8300000e+00  -7.4378739e-01
   5.8400000e+00  -6.7216837e-01
   5.8500000e+00  -5.9783015e-01
   5.8600000e+00  -7.0638485e-01
   5.8700000e+00  -6.6993410e-01
   5.8800000e+00  -4.7928356e-01
   5.8900000e+00  -5.7490731e-01
   5.9000000e+00  -6.2098523e-01
   5.9100000e+00  -6.1437939e-01
   5.9200000e+00  -6.5175924e-01
   5.9300000e+00  -6.0310978e-01
   5.9400000e+00  -5.3392082e-01
   5.9500000e+00  -5.2027262e-01
   5.9600000e+00  -5.6931729e-01
   5.9700000e+00  -4.8209256e-01
   5.9800000e+00  -5.4441367e-01
   5.9900000e+00  -3.8334582e-01
   6.0000000e+00  -4.4377501e-01
   6.0100000e+00  -2.8753073e-01
   6.0200000e+00  -3.3859189e-01
   6.0300000e+00  -4.1384523e-01
   6.0400000e+00  -3.4775186e-01
   6.0500000e+00  -2.2716857e-01
   6.0600000e+00  -1.9034653e-01
   6.0700000e+00  -2.1048636e-01
   6.0800000e+00  -2.6213226e-01
   6.0900000e+00  -1.1513005e-01
   6.1000000e+00  -2.8906214e-01
   6.1100000e+00  -1.8233668e-01
   6.1200000e+00  -2.6075937e-01
   6.1300000e+00  -2.1633934e-01
   6.1400000e+00  -5.9764879e-02
   6.1500000e+00  -9.7272856e-02
   6.1600000e+00  -1.9447642e-02
   6.1700000e+00  -1.8593062e-02
   6.1800000e+00  -1.3385375e-01
   6.1900000e+00   8.3369436e-02
   6.2000000e+00   6.8046957e-02
   6.2100000e+00  -3.0256181e-02
   6.2200000e+00   7.2455588e-03
   6.2300000e+00   1.5735156e-01
   6.2400000e+00   6.5180375e-02
   6.2500000e+00   1.6404973e-01
   6.2600000e+00   1.0638634e-01
   6.2700000e+00   1.4073142e-01
   6.2800000e+00   1.9484731e-01
